POS Hardware & Software
SunrisePOS,POS Nation,International Point-of-Sale,AccuPOS,POS Guys,POS Warehouse,BarcodesInc,POS-X,Semicron Systems,POSRG
9.75,9.50,9.40,9.25,8.50,8.03,7.60,6.88,6.88,4.40
1,1,1,1,0,0,0,1,0,0
1,1,1,1,0,0,0,0,0,0
1,1,1,1,1,0,0,1,1,1
1,1,1,1,1,1,0,1,1,0
1,1,1,1,1,1,0,1,1,1
1,1,0,1,1,1,0,1,1,1
1,1,1,1,1,1,1,0,0,0
1,0.5,1,1,1,1,1,0,0,0
1,1,1,0,1,1,1,0,0,0
1,1,1,1,1,1,1,1,1,1
1,1,1,1,1,1,1,1,1,1
1,1,1,1,1,1,1,1,1,1
1,1,1,1,1,1,1,1,1,1
1,1,1,1,1,1,1,0,1,1
1,1,1,0,1,1,1,1,1,1
1,1,1,1,1,0,1,0,0,0
0,0,1,1,0,0,1,0,0,0
1,1,1,1,1,1,1,1,1,0
1,1,1,1,1,1,1,1,1,0
1,1,1,1,1,1,1,1,1,0
1,1,1,1,1,1,1,0,1,0
0,1,0,0,1,1,1,1,0,0
1,1,1,1,1,1,1,1,1,1
1,1,1,1,1,1,1,0,0,0
1,1,1,1,1,1,1,0,0,1
1,1,1,1,1,1,1,0,1,0
1,1,1,1,0,1,1,0,0,0
1,1,1,1,1,1,1,1,1,0
1,1,1,1,1,1,1,1,1,0
