VHS to DVD Converters
Diamond Video Capture,Roxio Easy VHS to DVD 3 Plus,Honestech VHS to DVD,Manhattan Video Grabber,Hauppauge Video Capture,Elgato Video Capture,AVerMedia DVD EZMaker,EzCAP Video Capture,KWorld DVD Maker
10.00,9.65,9.63,8.70,8.50,7.63,7.40,7.08,6.48
98,90,86,75,74,75,73,70,68
1,1,1,1,1,1,1,1,1
1,1,1,1,1,1,1,1,1
1,1,1,1,1,1,1,1,1
1,1,1,1,1,1,1,1,1
0,0,1,0,0,0,0,0,0
1,1,1,1,1,1,0,1,1
1,1,1,1,1,1,1,1,1
1,1,1,1,1,1,1,1,1
1,1,1,1,1,1,1,1,1
1,1,1,1,0,0,1,1,1
1,1,1,1,1,0,1,1,1
1,1,1,1,0,1,1,1,1
1,1,1,1,0,0,1,0,0
1,1,1,1,1,1,1,1,1
1,1,1,1,1,1,1,1,1
12,12,12,600,24,24,12,6,12
1,1,1,1,1,1,0,1,1
1,1,1,1,1,1,1,1,1
1,1,1,1,1,1,1,1,1
1,1,1,1,1,1,0,0,0
1,1,1,1,1,1,1,1,1
