Hair Dryers
Elchim,Panasonic,Centrix,T3,Conair,BaBylissPro,Andi,Barbar,Revlon,CHI
9.35,8.85,8.53,8.28,8.00,7.98,7.88,7.83,7.58,7.35
2000,1875,1500,1800,1875,2000,1875,1100,1875,1500
2,2,2,2,2,2,2,2,2,2
3,3,3,3,3,4,2,3,3,2
1,1,1,1,1,1,1,1,1,1
1,9,1,2,1,1,0,1.5,2,1.5
0.0434782609,0.0485436893,0.0625,0.0568181818,0.0277777778,0.03125,0.0357142857,0.0480769231,0.0357142857,0
8,9,8,9,6,9,6,10,6,0
1,1,1,1,1,1,1,1,1,1
1,0,1,1,1,0,0,0,0,0
2,3,4,1,1,1,2,2,1,2
1,1,1,1,1,1,1,1,1,1
0,1,1,0,0,0,0,0,0,1
0,0,1,0,0,0,1,0,0,0
50,2,1,2,4,2,5,1,2,2
1,1,1,1,1,1,1,1,1,1
1,0,1,1,1,1,1,1,1,1
