Online POS
Revel Systems,Vend,Lightspeed,Shopify,ShopKeep,iPayment,Square,Pose,Cashier Live,PHP Point of Sale
9.50,9.45,9.38,9.25,9.23,8.70,7.95,7.08,7.05,4.73
1,1,1,1,1,0,0,1,0,0
1,1,1,1,1,1,1,1,1,0
1,1,1,1,1,1,1,1,1,1
1,1,1,0,1,1,1,0,0,0
1,1,1,1,1,0,0,1,0,0
80,90,70,95,90,90,90,85,65,70
90,100,80,95,80,90,100,70,90,65
1,1,1,1,1,1,1,1,1,1
1,1,1,1,1,1,1,1,1,1
1,1,1,1,1,1,1,0,1,0
1,1,1,1,1,1,1,1,1,1
1,1,1,1,1,1,1,1,1,1
1,1,1,1,1,1,1,1,1,1
1,1,1,1,1,1,1,1,1,0
1,1,1,0,0,1,0,0,1,1
1,1,1,1,1,1,1,0,1,1
1,1,1,1,1,1,1,0,1,0
1,1,1,1,1,1,1,1,1,1
1,1,1,1,1,1,1,1,1,1
1,1,1,1,1,1,1,1,1,1
1,1,1,1,0,1,1,0,1,0
1,1,1,1,1,1,1,1,1,1
1,0,1,1,1,1,0,0,0,0
1,0,1,1,1,1,0,0,0,0
1,0,1,0,1,1,0,0,0,0
1,0,0,0,0,0,0,0,0,0
1,1,1,1,1,1,0,0,0,0
1,1,1,1,1,1,1,1,1,0
1,1,1,1,1,1,1,1,1,0
1,1,1,1,1,1,1,0,0,0
