Mold Test Kits
Pro-Lab Mold Test Kit,Home Mold Laboratory Viable Mold Test,Mold Armor,EDLab Evalu-Aire Basic,EDLab Allergen Screen Test,IAQ Pro 5-Minute Home Mold Test,MoldCheck Whole House Mold Test,ImmunoLytics Value Test Kit,First Alert MT1,EDLab Mold Screen Check,Instant Mold-Protein Test Swab Kit (MT1),Air Oasis Air Quality Test,Aclare Mold Test Kit
9.20,9.10,7.90,7.70,7.58,7.40,7.35,7.00,5.70,5.38,3.63,3.50,2.48
90,100,90,70,75,100,75,100,75,75,90,50,90
2,3,2,500,0,288,3,7,0,0,144,3,2
1,1,1,2,1,2,10,2,9,1,1,2,1
1,1,1,1,1,1,1,1,1,1,1,0,0
1,1,1,1,0,0,1,1,0,0,0,1,1
1,1,1,0,1,0,0,0,0,0,0,0,0
1,1,1,0,0,0,1,1,1,0,0,0,0
1,0.1,0,0,0,0,0,0.2,1,0,0,0,0
1,1,1,1,1,1,1,1,1,1,1,1,1
1,1,0,0,0,0,0,0,0,0,0,1,0
0,0,0,1,1,0,0,0,0,1,0,0,0
0,0,0,0,1,0,0,0,0,0,0,1,1
0,0,0,1,1,0,0,1,0,1,0,0,0
5,8,21,6,6,5,6,7,5,6,0,0,0
1,1,1,1,1,1,0,0,0,1,0,0,0
1,1,1,1,0,0,0,1,0,0,0,1,1
1,1,1,0,0,1,1,0,0,0,1,0,0
1,0,0,0,0,0,0,0,1,0,0,0,0
0,0,0,1,1,0,1,0,1,1,0,0,0
0,1,0,0,0,0,0,0,0,0,0,0,0
1,1,1,1,1,1,1,1,1,1,1,1,1
1,1,1,1,1,1,1,1,0,1,1,1,1
1,1,1,0,0,1,1,0,1,0,0,0,0
1,1,0,0,0,1,1,0,1,0,0,0,0
