Restaurant POS Systems
Revel Systems,Restaurant Manager,NCR Silver,Harbortouch,TouchBistro,Lavu,Lightspeed,ShopKeep,Breadcrumb,Aldelo Touch
9.88,9.70,8.98,8.95,8.68,8.65,8.65,8.53,8.35,7.90
1,1,1,0,1,1,1,1,1,0
1,1,1,1,1,1,1,1,1,1
1,1,1,1,1,1,1,1,1,1
1,1,1,1,1,1,1,1,1,1
1,1,1,1,1,1,1,1,1,1
1,1,1,1,1,1,1,1,1,1
1,1,1,1,1,1,1,1,1,1
1,1,1,1,1,1,1,1,1,1
1,1,1,1,1,1,1,1,1,1
1,1,1,1,1,1,1,1,1,1
1,1,1,1,1,1,1,1,1,1
1,1,1,1,1,1,0,1,1,1
80,75,75,75,70,70,70,85,65,85
85,85,75,80,80,75,65,80,85,90
90,85,80,85,80,85,65,75,85,90
1,1,1,1,1,1,1,1,1,1
1,1,1,1,1,1,1,1,1,1
1,1,1,1,1,1,1,1,1,1
1,1,1,1,1,1,1,1,1,1
1,1,1,1,1,1,1,1,1,1
1,1,1,1,1,1,0,1,1,1
1,1,1,1,1,1,1,1,1,1
1,1,1,1,1,1,1,1,1,1
1,1,1,1,1,1,1,1,1,1
1,1,1,1,0,1,1,0,0,1
1,1,0,1,1,0,0,0,1,0
1,1,0,1,1,0,1,0,1,1
1,1,1,1,1,1,1,1,1,1
1,1,1,1,1,1,1,1,1,1
1,1,1,1,1,1,1,1,1,1
1,1,1,1,1,1,1,1,1,1
1,1,1,1,1,0,1,0,1,1
1,1,0,0,0,1,1,1,0,0
1,1,0,0,1,0,0,0,0,0
1,1,1,1,1,1,1,1,0,0
1,1,0,0,1,0,1,1,0,0
0,1,0,0,0,0,0,0,0,0
1,1,1,1,1,1,1,1,1,1
1,1,1,1,1,1,1,1,1,1
1,1,1,1,1,1,1,1,0,0
1,1,1,1,1,1,1,1,0,0
1,1,1,1,0,1,0,0,0,0
1,1,1,1,0,0,0,0,1,0
1,1,1,1,0,0,1,1,0,1
1,1,1,0,0,0,1,1,0,0
1,1,1,1,1,1,1,0,1,1
1,1,1,1,1,1,1,1,1,1
1,1,1,1,1,1,1,1,1,1
1,1,0,1,1,1,1,1,0,1
1,1,1,1,1,1,1,1,1,1
1,1,1,1,1,0,1,0,1,1
1,1,0,1,1,1,1,1,1,0
1,1,1,1,1,1,1,1,1,1
1,1,1,1,1,0,1,0,1,1
1,1,1,1,1,1,0,0,0,0
1,1,0,1,1,0,1,1,0,1
0,1,1,1,0,0,0,0,0,0
1,0,1,1,1,0,1,0,1,0
1,1,1,1,1,1,1,1,1,1
1,1,1,1,1,1,1,1,1,1
1,1,1,1,1,0,1,0,1,1
1,1,1,1,1,0,1,1,1,1
1,1,1,1,1,1,1,1,1,0
1,1,1,1,0,0,1,0,1,1
1,1,1,1,0,0,0,0,1,0
1,0,1,0,0,1,1,1,1,0
