iPad POS Systems
Revel Systems,Lightspeed,NCR Silver,ShopKeep,Erply,Shopify,Vend,iPayment POS,Square,SalesVu,PayPal
9.95,9.63,9.40,9.20,9.03,9.00,8.53,7.73,7.45,7.35,6.58
1,1,1,1,1,1,1,0,0,0,0
1,1,1,1,1,1,1,1,1,1,0
1,1,1,1,1,1,1,1,1,1,0
1,1,1,1,1,1,1,1,1,1,1
1,1,1,1,1,1,1,1,1,1,0
1,1,1,1,1,1,1,0,0,1,1
1,1,1,1,1,1,0,1,0,1,0
1,1,1,0,1,1,0,0,0,0,0
1,1,1,1,1,1,1,1,1,1,1
1,1,1,1,1,1,1,1,1,1,1
1,1,1,1,1,1,1,1,1,1,1
1,1,1,1,1,1,1,1,1,1,1
1,1,1,1,1,1,0,1,1,1,0
1,1,1,1,1,0,1,1,1,1,0
1,1,1,1,1,0,1,1,1,1,0
1,1,1,1,1,1,1,1,1,1,1
1,1,1,1,1,1,1,1,1,1,0
1,1,1,1,1,1,1,1,1,1,0
1,1,1,1,1,1,1,1,1,1,0
1,1,1,1,1,1,0,1,0,1,0
1,1,0,0,0,1,0,0,1,1,0
1,1,0,0,0,0,0,0,0,0,0
1,1,1,1,0,0,0,1,1,0,0
80,70,75,85,75,95,95,90,95,90,75
90,65,80,75,90,95,100,85,90,75,80
1,1,1,1,1,1,1,1,1,1,1
1,1,1,1,1,1,1,0,1,1,0
1,1,1,1,1,1,1,1,1,1,0
1,1,1,1,1,1,1,1,1,0,1
1,1,1,0,0,0,1,0,0,1,0
1,1,1,1,1,1,1,0,1,1,0
1,0,0,0,0,0,0,0,0,0,0
1,1,1,1,0,1,1,1,0,0,1
1,1,1,1,1,1,1,1,1,0,1
1,1,1,1,1,0,1,1,0,0,0
1,1,1,1,1,0,1,1,1,1,0
1,1,1,1,1,0,0,1,1,0,1
1,1,1,1,1,1,1,1,1,0,1
