*-*-*-*-*-*-*-*-*-*10/04/2016 06:32:00*-*-*-*-*-*-*-*-*-* - Num. Evolutions:1000*-*-*-*-*-*-*-*-*-*
ACTION CAMCORDERS-1000-false
10,24,4
24.880028304785633,1.0,1.0,1.0
24.879852103139527,0.9878787878787879,0.8,0.8797492096246449
24.880064670989896,0.9636363636363636,0.8833333333333332,0.9897450292260656
24.87991255291269,1.0,1.0,1.0
24.87998922771721,0.9636363636363636,0.96,0.9988310085229193
24.879996928674213,0.9878787878787879,0.96,0.9993759385785264
24.879801932196024,0.9272727272727272,1.0,0.999770463001383
24.879765339095975,0.9515151515151515,1.0,0.9996967566758298
24.87986869518286,0.9757575757575757,1.0,0.999751872131936
24.878662469946345,0.9515151515151515,0.96,0.9991747402267043
*-*-*-*-*-*-*-*-*-*10/04/2016 06:32:18*-*-*-*-*-*-*-*-*-* - Num. Evolutions:1000*-*-*-*-*-*-*-*-*-*
ACTION CAMCORDERS-1000-false
10,24,4
24.879973922509244,1.0,1.0,1.0
24.879853551251504,0.9878787878787879,0.8,0.8797492096246449
24.88008222389437,0.8787878787878788,0.8433333333333334,0.9851198767546188
24.879931843541314,0.9878787878787879,0.95,0.998215163398235
24.87997787511122,0.9878787878787879,0.96,0.9993759385785264
24.880096882197748,0.9636363636363636,0.9099999999999999,0.9963429791338144
24.879841502322325,0.9272727272727272,1.0,0.999770463001383
24.879698848430746,0.9515151515151515,1.0,0.9996967566758298
24.87989526421254,0.9878787878787879,1.0,0.9999847714768061
24.87886311565574,0.9515151515151515,1.0,0.999753317928373
*-*-*-*-*-*-*-*-*-*10/04/2016 06:32:33*-*-*-*-*-*-*-*-*-* - Num. Evolutions:1000*-*-*-*-*-*-*-*-*-*
ACTION CAMCORDERS-1000-false
10,24,4
24.880074099419726,1.0,1.0,1.0
24.87984769848043,0.9878787878787879,0.8,0.8797492096246449
24.880075455881766,0.8787878787878788,0.8433333333333334,0.9851198767546188
24.879987098933995,1.0,1.0,1.0
24.879998284345987,0.9636363636363636,0.96,0.9988310085229193
24.88005103958856,0.9878787878787879,0.96,0.9993759385785264
24.879892393924404,0.9272727272727272,1.0,0.999770463001383
24.879718044183825,0.9515151515151515,1.0,0.9996967566758298
24.87987058007315,0.9878787878787879,1.0,0.9999847714768061
24.879124456633033,0.9636363636363636,1.0,0.9997988016481779
*-*-*-*-*-*-*-*-*-*10/04/2016 06:32:00*-*-*-*-*-*-*-*-*-* - Num. Evolutions:1000*-*-*-*-*-*-*-*-*-*
ACTION CAMCORDERS-1000-false
10,24,4
24.879976158470754,1.0,1.0,1.0
24.879828013504486,0.9878787878787879,0.8,0.8797492096246449
24.880071051544896,0.9272727272727272,0.8433333333333334,0.9868168604750144
24.8799361462613,1.0,1.0,1.0
24.88002309130148,0.9272727272727272,0.96,0.9984675760555064
24.880085415561247,0.9878787878787879,0.96,0.9993759385785264
24.87989607502675,0.9272727272727272,1.0,0.999770463001383
24.879682960217064,0.9515151515151515,1.0,0.9996967566758298
24.879883432543764,0.9757575757575757,1.0,0.999751872131936
24.879084265125854,0.9515151515151515,1.0,0.999753317928373
*-*-*-*-*-*-*-*-*-*10/04/2016 06:32:18*-*-*-*-*-*-*-*-*-* - Num. Evolutions:1000*-*-*-*-*-*-*-*-*-*
ACTION CAMCORDERS-1000-false
10,24,4
24.879998373426307,1.0,1.0,1.0
24.879814626266928,0.9878787878787879,0.8,0.8797492096246449
24.88002974241512,0.9636363636363636,0.8833333333333332,0.9897450292260656
24.879966733790056,0.9636363636363636,0.9099999999999999,0.9966986836758789
24.88002173946055,0.9636363636363636,0.96,0.9988310085229193
24.880111504361604,0.9272727272727272,0.8433333333333334,0.9846303041296104
24.87979428143351,0.9272727272727272,1.0,0.999770463001383
24.879740698537333,0.9515151515151515,1.0,0.9996967566758298
24.87986455319242,0.9878787878787879,1.0,0.9999847714768061
24.879118440312407,0.9393939393939393,0.96,0.9991292565068993
*-*-*-*-*-*-*-*-*-*10/04/2016 06:32:33*-*-*-*-*-*-*-*-*-* - Num. Evolutions:1000*-*-*-*-*-*-*-*-*-*
ACTION CAMCORDERS-1000-false
10,24,4
24.879970118063966,1.0,1.0,1.0
24.879825662297765,0.9878787878787879,0.8,0.8797492096246449
24.88002623111071,0.9272727272727272,0.8433333333333334,0.9868168604750144
24.879991773722463,0.9878787878787879,0.95,0.998215163398235
24.879983341396663,0.8787878787878788,0.96,0.9982491161843958
24.880122815349,0.9636363636363636,0.9099999999999999,0.9963429791338144
24.879868405317815,0.9272727272727272,1.0,0.999770463001383
24.879767124112732,0.9515151515151515,1.0,0.9996967566758298
24.87990343217764,0.9878787878787879,1.0,0.9999847714768061
24.879061895934036,0.9636363636363636,1.0,0.9998268052031815
*-*-*-*-*-*-*-*-*-*10/04/2016 06:32:00*-*-*-*-*-*-*-*-*-* - Num. Evolutions:1000*-*-*-*-*-*-*-*-*-*
ACTION CAMCORDERS-1000-false
10,24,4
24.879932661398357,1.0,1.0,1.0
24.879843982831115,0.9878787878787879,0.8,0.8797492096246449
24.88007863337192,0.9272727272727272,0.8433333333333334,0.9868168604750144
24.880051834709448,0.9515151515151515,0.9099999999999999,0.9966077162362693
24.879995409179706,0.8787878787878788,0.96,0.9982491161843958
24.88005675193143,0.9636363636363636,0.9099999999999999,0.9963429791338144
24.879861073899978,0.9272727272727272,1.0,0.999770463001383
24.87973609312839,0.9515151515151515,1.0,0.9996967566758298
24.879927565020292,0.9757575757575757,1.0,0.999751872131936
24.878976113035655,0.9393939393939393,0.96,0.9991292565068993
*-*-*-*-*-*-*-*-*-*10/04/2016 06:32:18*-*-*-*-*-*-*-*-*-* - Num. Evolutions:1000*-*-*-*-*-*-*-*-*-*
ACTION CAMCORDERS-1000-false
10,24,4
24.880072898375307,0.9878787878787879,0.8,0.8797492096246449
24.87989413472673,0.9878787878787879,0.8,0.8797492096246449
24.879972241196455,0.9878787878787879,0.9333333333333332,0.9943532438852203
24.87992254230728,1.0,1.0,1.0
24.8800190707753,0.9636363636363636,0.96,0.9988310085229193
24.880000490251827,1.0,1.0,1.0
24.879856948112323,0.9272727272727272,1.0,0.999770463001383
24.879714975615922,0.9515151515151515,1.0,0.9996967566758298
24.879917670669144,0.9878787878787879,1.0,0.9999847714768061
24.879004576612544,0.9515151515151515,1.0,0.999753317928373
*-*-*-*-*-*-*-*-*-*10/04/2016 06:32:00*-*-*-*-*-*-*-*-*-* - Num. Evolutions:1000*-*-*-*-*-*-*-*-*-*
ACTION CAMCORDERS-1000-false
10,24,4
24.880074727554057,0.9878787878787879,0.96,0.9993759385785264
24.879831186382393,0.9878787878787879,0.8,0.8797492096246449
24.880035358267435,0.9515151515151515,0.8833333333333332,0.9897298007028715
24.880003652121278,0.9878787878787879,0.95,0.998215163398235
24.879971047080456,0.9878787878787879,0.96,0.9993759385785264
24.879963073414245,1.0,1.0,1.0
24.879802007899258,0.9272727272727272,1.0,0.999770463001383
24.879842602327653,0.9515151515151515,1.0,0.9996967566758298
24.87984968677027,0.9757575757575757,1.0,0.999751872131936
24.87902230798017,0.9515151515151515,1.0,0.999753317928373
*-*-*-*-*-*-*-*-*-*10/04/2016 06:32:18*-*-*-*-*-*-*-*-*-* - Num. Evolutions:1000*-*-*-*-*-*-*-*-*-*
ACTION CAMCORDERS-1000-false
10,24,4
24.880045918303974,1.0,1.0,1.0
24.87983153213853,0.9878787878787879,0.8,0.8797492096246449
24.88001418748757,0.9272727272727272,0.8433333333333334,0.9868168604750144
24.880037691918343,0.9757575757575757,0.95,0.9981241959586256
24.88000322877095,0.9636363636363636,0.96,0.9988310085229193
24.88010480732192,0.9878787878787879,0.96,0.9993759385785264
24.879808055538252,0.9272727272727272,1.0,0.999770463001383
24.879800641804255,0.9515151515151515,1.0,0.9996967566758298
24.87987823641515,0.9757575757575757,1.0,0.999751872131936
24.879111024327134,0.9878787878787879,1.0,0.999963256362596
*-*-*-*-*-*-*-*-*-*10/04/2016 06:13:29*-*-*-*-*-*-*-*-*-* - Num. Evolutions:8000*-*-*-*-*-*-*-*-*-*
ACTION CAMCORDERS-8000-false
10,24,4
24.880079101560952,1.0,1.0,1.0
24.87978233938263,0.9878787878787879,0.8,0.8797492096246449
24.880061923836,0.9272727272727272,0.8433333333333334,0.9868168604750144
24.879947120155443,1.0,1.0,1.0
24.880014599860367,0.9636363636363636,0.96,0.9988310085229193
24.880012016964802,0.9878787878787879,0.96,0.9993759385785264
24.8797878814145,0.9272727272727272,1.0,0.999770463001383
24.879713631160854,0.9515151515151515,1.0,0.9996967566758298
24.87992595683863,0.9757575757575757,1.0,0.999751872131936
24.879124456633033,0.9636363636363636,1.0,0.9997988016481779
*-*-*-*-*-*-*-*-*-*10/04/2016 06:15:40*-*-*-*-*-*-*-*-*-* - Num. Evolutions:8000*-*-*-*-*-*-*-*-*-*
ACTION CAMCORDERS-8000-false
10,24,4
24.87995663145622,1.0,1.0,1.0
24.87984331633314,0.9878787878787879,0.8,0.8797492096246449
24.880021559646476,0.9515151515151515,0.8833333333333332,0.9897298007028715
24.879915960949226,1.0,1.0,1.0
24.88002306513243,0.9636363636363636,0.96,0.9988310085229193
24.880034603702118,1.0,1.0,1.0
24.879808403830058,0.9272727272727272,1.0,0.999770463001383
24.879714167479804,0.9515151515151515,1.0,0.9996967566758298
24.87984452953167,0.9878787878787879,1.0,0.9999847714768061
24.87902429258718,0.9515151515151515,1.0,0.999753317928373
*-*-*-*-*-*-*-*-*-*10/04/2016 06:13:29*-*-*-*-*-*-*-*-*-* - Num. Evolutions:8000*-*-*-*-*-*-*-*-*-*
ACTION CAMCORDERS-8000-false
10,24,4
24.880063256826375,1.0,1.0,1.0
24.879832096809288,0.9878787878787879,0.8,0.8797492096246449
24.88004949000011,0.9636363636363636,0.8833333333333332,0.9897450292260656
24.879963767276482,1.0,1.0,1.0
24.880015126396074,0.9878787878787879,0.96,0.9993759385785264
24.880039565669485,0.9636363636363636,0.9099999999999999,0.9963429791338144
24.879857402716844,0.9272727272727272,1.0,0.999770463001383
24.87967223999116,0.9515151515151515,1.0,0.9996967566758298
24.879874939887266,0.9878787878787879,1.0,0.9999847714768061
24.87909986235548,0.9515151515151515,0.96,0.9992027437817078
*-*-*-*-*-*-*-*-*-*10/04/2016 06:15:39*-*-*-*-*-*-*-*-*-* - Num. Evolutions:8000*-*-*-*-*-*-*-*-*-*
ACTION CAMCORDERS-8000-false
10,24,4
24.880063256826375,1.0,1.0,1.0
24.879747333398267,0.9878787878787879,0.8,0.8797492096246449
24.880014838651686,0.9878787878787879,1.0,0.9999847714768061
24.87998923169435,0.9636363636363636,0.9099999999999999,0.9966986836758789
24.880011161253297,0.9272727272727272,0.96,0.9984675760555064
24.88002872503929,0.9636363636363636,0.9099999999999999,0.9963429791338144
24.879881015579386,0.9272727272727272,1.0,0.999770463001383
24.87970238385785,0.9515151515151515,1.0,0.9996967566758298
24.87990019154331,0.9757575757575757,1.0,0.999751872131936
24.879103376223366,0.9636363636363636,1.0,0.9997988016481779
*-*-*-*-*-*-*-*-*-*10/04/2016 06:17:42*-*-*-*-*-*-*-*-*-* - Num. Evolutions:8000*-*-*-*-*-*-*-*-*-*
ACTION CAMCORDERS-8000-false
10,24,4
24.88005730048852,1.0,1.0,1.0
24.879842028591174,0.9878787878787879,0.8,0.8797492096246449
24.880052103960008,0.9272727272727272,0.8433333333333334,0.9868168604750144
24.880007733843065,0.9757575757575757,0.95,0.9981241959586256
24.879984272032477,0.9878787878787879,0.96,0.9993759385785264
24.880040155879822,0.9878787878787879,0.96,0.9993759385785264
24.87986922592604,0.9272727272727272,1.0,0.999770463001383
24.879727893232914,0.9515151515151515,1.0,0.9996967566758298
24.87988963852248,0.9757575757575757,1.0,0.999751872131936
24.879101493468333,0.9636363636363636,1.0,0.9998268052031815
*-*-*-*-*-*-*-*-*-*10/04/2016 06:13:29*-*-*-*-*-*-*-*-*-* - Num. Evolutions:8000*-*-*-*-*-*-*-*-*-*
ACTION CAMCORDERS-8000-false
10,24,4
24.880014792018667,1.0,1.0,1.0
24.879869469080994,0.9878787878787879,0.8,0.8797492096246449
24.88003687127087,0.9272727272727272,0.8433333333333334,0.9868168604750144
24.87997791446205,1.0,1.0,1.0
24.880026076554746,0.9636363636363636,0.96,0.9988310085229193
24.880077200692533,0.9636363636363636,0.9099999999999999,0.9963429791338144
24.87980737255766,0.9272727272727272,1.0,0.999770463001383
24.879747740227494,0.9515151515151515,1.0,0.9996967566758298
24.879868991306164,0.9757575757575757,1.0,0.999751872131936
24.879278065261538,0.9878787878787879,1.0,0.9999090325603905
*-*-*-*-*-*-*-*-*-*10/04/2016 06:15:39*-*-*-*-*-*-*-*-*-* - Num. Evolutions:8000*-*-*-*-*-*-*-*-*-*
ACTION CAMCORDERS-8000-false
10,24,4
24.88006589672464,1.0,1.0,1.0
24.879791189965907,0.9878787878787879,0.8,0.8797492096246449
24.880024706676487,0.9515151515151515,0.8833333333333332,0.9897298007028715
24.879963213700503,0.9878787878787879,0.95,0.998215163398235
24.879991040478618,0.9272727272727272,0.96,0.9984675760555064
24.880029871631226,0.9878787878787879,0.96,0.9993759385785264
24.879867759196554,0.9272727272727272,1.0,0.999770463001383
24.879736998915295,0.9515151515151515,1.0,0.9996967566758298
24.879878498542727,0.9757575757575757,1.0,0.999751872131936
24.878989790721857,0.9515151515151515,1.0,0.999753317928373
*-*-*-*-*-*-*-*-*-*10/04/2016 06:17:42*-*-*-*-*-*-*-*-*-* - Num. Evolutions:8000*-*-*-*-*-*-*-*-*-*
ACTION CAMCORDERS-8000-false
10,24,4
24.880118380113913,1.0,1.0,1.0
24.879852849403523,0.9878787878787879,0.8,0.8797492096246449
24.880056445719738,0.8787878787878788,0.8433333333333334,0.9851198767546188
24.87995769904454,0.9636363636363636,0.9099999999999999,0.9966986836758789
24.880026870612664,0.9272727272727272,0.96,0.9984675760555064
24.880055274653504,0.9636363636363636,0.9099999999999999,0.9963429791338144
24.879817045930015,0.9272727272727272,1.0,0.999770463001383
24.879702762390508,0.9515151515151515,1.0,0.9996967566758298
24.879885347016124,0.9757575757575757,1.0,0.999751872131936
24.879087687922578,0.9515151515151515,1.0,0.999753317928373
*-*-*-*-*-*-*-*-*-*10/04/2016 06:13:29*-*-*-*-*-*-*-*-*-* - Num. Evolutions:8000*-*-*-*-*-*-*-*-*-*
ACTION CAMCORDERS-8000-false
10,24,4
24.8801083408273,0.9878787878787879,0.8,0.8797492096246449
24.879786104587897,0.9878787878787879,0.8,0.8797492096246449
24.880034027390156,0.9636363636363636,0.8833333333333332,0.9897450292260656
24.879968918800294,0.9878787878787879,0.95,0.998215163398235
24.88002755353911,0.8181818181818181,0.96,0.9981246577256464
24.880026919887456,0.9636363636363636,0.9099999999999999,0.9963429791338144
24.879889478996592,0.9636363636363636,1.0,0.9998268052031815
24.87977581441984,0.9515151515151515,1.0,0.9996967566758298
24.879864110379838,0.9878787878787879,1.0,0.9999847714768061
24.879211239768264,0.9878787878787879,1.0,0.9999090325603905
*-*-*-*-*-*-*-*-*-*10/04/2016 06:15:40*-*-*-*-*-*-*-*-*-* - Num. Evolutions:8000*-*-*-*-*-*-*-*-*-*
ACTION CAMCORDERS-8000-false
10,24,4
24.8800100460277,1.0,1.0,1.0
24.879831058284363,0.9878787878787879,0.8,0.8797492096246449
24.880007289935076,0.9878787878787879,1.0,0.9999847714768061
24.88000602380015,0.9878787878787879,0.95,0.998215163398235
24.88001527340676,0.9636363636363636,0.96,0.9988310085229193
24.8800679374725,0.9636363636363636,0.9099999999999999,0.9963429791338144
24.879853266606563,0.9272727272727272,1.0,0.999770463001383
24.87973912867839,0.9515151515151515,1.0,0.9996967566758298
24.87987822934598,0.9878787878787879,1.0,0.9999847714768061
24.879067136061437,0.9515151515151515,0.96,0.9992027437817078