0.04275975167038213
0.03992161751489592
0.039844445315019045
0.03693350678963445
0.03370684708937551
0.030420577365637278
0.02869114828619431
0.028506798806750066
0.02552657949694369
0.023985076416145366
0.02319066205094952
0.021793680046887583
0.02163267051025227
0.018541836518863226
0.018527287842883794
0.018375107118825142
0.018334693467222458
0.018320021439917098
0.017526723700167675
0.017504979279248406
0.01747699277088552
0.017460679513793226
0.017157366306362314
0.01715594646393738
0.016946889168055316
0.01687667228889249
0.016876531384521443
0.01685973905197467
0.016859712432820143

[0.09988748003778901, 0.08666038452260601, 0.09418653184274578, 0.08495169977561293, 0.09965300340236756, 0.0759971494839122, 0.08390362678005153, 0.08258148036417759, 0.07901808533742108, 0.07871717350884633, 0.06955077175871649, 0.0648926131857536]
[0.09464107400421612, 0.09075779429712635, 0.09020304005325641, 0.08987018750693442, 0.08953733496061245, 0.0854321535559747, 0.08465549761455674, 0.08299123488294685, 0.08021746366359703, 0.07910795517585709, 0.06712526350826582, 0.06546100077665594]


1.0066475233859868

0.9407615729157931
1.0600189425566555
0.9999467050904055
1.025506000193914
1.0183575396222153